119.65 163.3058351451 55.614 64.036 90.248 24.57333890514 2.95999999999999 -1.855 126.961 97 74.1809 36.9911 72.1809 273.606 64.6844390345 142.677 130.929 47.8531172562005 213.246 22.0609197166729 0.991000000000003 -0.512 46.786 101 75
128.603 202.1596622692 51.027 77.576 98.402 23.4839000645397 3.515 -2.079 131.792 89 90.2701 30.2485 88.2701 177.888 53.54385142767 99.791 78.097 43.9023430473107 146.585 17.5970273430473 0.944000000000003 -0.585999999999999 37.073 86 67
152.279 154.9730148592 65.778 86.501 110.147 27.6676363779641 2.90000000000001 -2.017 136.618 100 88.6266 35.3853 86.6266 191.981 56.2993792608 110.84 81.141 42.2651199858319 161.101 16.0849250707101 0.971999999999998 -0.571999999999999 37.387 84 67
145.034 199.4631105683 57.18 87.854 105.63 27.168801798199 3.473 -2.184 142.024 93 88.8248 31.6259 86.3653 189.964 59.7328375465 107.032 82.932 43.6566928470658 160.278 15.6271714640669 0.925999999999998 -0.604 36.298 87 65
118.599 91.9766653898 55.855 62.744 94.714 20.1392929114073 2.355 -1.733 114.43 98 78.5669 29.3976 76.2258 101.244 39.0501336655 57.457 43.787 43.2489826557623 83.083 17.9378531073446 1.013 -0.494 33.905 75 60
85.968 109.660211036 40.184 45.784 68.64 20.1563372417644 3.254 -1.96 116.232 83 84.7682 31.8339 82.7682 163.845 45.25204578773 76.408 87.437 53.365680978974 123.832 24.421251792853 1.173 -0.642999999999994 43.403 83 74
113.13 94.9988530527 49.677 63.453 84.963 24.8979050649695 2.48699999999999 -1.706 119.746 101 70.4064 28.9323 68.4064 139.66 52.8882909753 80.357 59.303 42.4624087068595 115.363 17.397250465416 0.963000000000001 -0.516 35.645 82 67
142.547 135.194656282 64.998 77.549 107.61 24.5091092762387 2.53699999999999 -1.84 125.508 106 112.469 38.1203 110.469 178.096 60.1072238405 107.221 70.875 39.7959527445872 148.439 16.6522549636151 0.930000000000003 -0.522 37.437 88 52
140.874 140.72355152399 65.42 75.454 107.909 23.4003435694308 2.65499999999999 -1.888 127.141 104 89.3458 32.0681 87.3458 168.57 55.634607002 96.936 71.634 42.4951058907279 138.475 17.8531173993 1.028 -0.501 39.298 84 56
101.382 101.57510099077 45.137 56.245 77.413 23.6422639127261 2.66 -1.763 118.656 97 76.1132 29.0949 74.1132 121.133 45.31379383509 66.017 55.116 45.5004003863522 98.096 19.0179389596559 1.063 -0.547000000000001 36.981 77 61
139.551 152.8389526351 59.194 80.357 103.644 25.7303781413247 2.65300000000001 -1.911 129.6 104 92.7397 31.4925 90.7397 173.201 57.0358497162 101.188 72.013 41.5777045167176 144.454 16.5974792293347 0.951999999999998 -0.519 37.38 86 58
176.987 167.3198775541 79.883 97.104 129.387 26.8946306790894 2.634 -1.992 136.959 110 85.5237 32.4232 83.5237 200.975 68.21763768618 123.891 77.084 38.3550192810051 167.829 16.4925985819132 0.802 -0.555000000000001 35.783 96 61
103.318 100.38579535258 46.261 57.057 79.451 23.100524593972 2.785 -1.834 122.189 95 79.1741 28.7658 77.1741 122.545 48.172194258 68.864 53.681 43.8051328083561 99.979 18.4144599942878 0.949000000000002 -0.493000000000002 34.701 81 67
138.871 134.43384384958 64.642 74.229 107.312 22.7254070324258 2.81299999999999 -2.024 125.495 97 87.5092 31.3614 85.5092 145.481 52.60771625213 82.617 62.864 43.2111409737354 122.238 15.9766567455544 0.929000000000002 -0.545 34.602 81 61
118.196 118.151331702 51.19 67.006 89.819 24.008426681106 2.626 -1.884 123.465 101 82.098 30.0432 80.098 157.13 55.7522484239 92.489 64.641 41.1385476993572 129.751 17.4244256348247 0.940000000000001 -0.503 36.546 84 60
92.87 87.68573536468 38.778 54.092 68.626 26.1053084957467 2.68899999999999 -1.823 120.415 95 73.9895 29.841 71.9895 119.108 47.44065841266 65.938 53.17 44.6401585116029 96.635 18.8677502770595 1.025 -0.498 35.524 79 68
115.226 130.91518194 48.96 66.266 88.114 23.5294117647059 3.15299999999999 -1.819 126.804 89 77.5646 28.403 75.5646 116.251 44.8080346117 63.238 53.013 45.6021883682721 95.556 17.8019974021729 0.983999999999998 -0.481 33.027 77 68
126.536 135.34194279391 54.037 72.499 93.389 26.1957071505342 2.75999999999999 -1.992 128.895 101 76.0493 35.9436 74.0493 149.697 52.43375803246 82.532 67.165 44.8672986098586 121.783 18.6470002738866 1.01 -0.532999999999999 37.632 82 62
116.475 135.32367886411 51.671 64.804 89.961 22.7636831938184 2.749 -1.913 121.191 100 79.6005 37.3292 77.6005 138.945 62.51723572892 71.9 67.045 48.2529058260463 109.157 21.4386987656987 1.117 -0.625 40.367 80 58
136.051 151.43013429649 55.408 80.643 96.947 28.7421628653961 2.842 -2.02 136.461 102 75.0951 36.7296 73.0951 173.898 66.05047628336 98.55 75.348 43.3288479453473 140.811 19.0266708070248 0.921000000000003 -0.558 37.108 90 66
166.674 233.01230679295 67.394 99.28 119.807 28.1189627656383 2.82400000000001 -2.143 141.554 108 87.5013 44.0404 85.5013 242.267 71.08067967544 141.652 100.615 41.5306253018364 200.491 17.2437847498834 0.936999999999998 -0.596 40.264 94 55
92.038 101.71255694171 38.833 53.205 68.01 26.106608140116 2.818 -1.92 121.196 94 65.6425 35.9861 63.6425 109.673 52.37869418886 57.706 51.967 47.383585750367 88.453 19.3484266866047 1.094 -0.508 35.757 77 64
160.664 141.34300739733 72.882 87.782 118.043 26.5280336603097 2.508 -1.994 132.282 109 75.1887 35.8547 73.1887 186.301 56.77066234741 111.053 75.248 40.3905507753582 155.527 16.5184298527652 0.927 -0.574999999999999 37.235 88 55
93.49 134.23788680906 36.138 57.352 70.963 24.0956252005562 3.06700000000001 -1.92 121.972 93 80.4041 37.2018 78.4041 119.563 54.76424288555 61.512 58.051 48.5526458854328 96.31 19.4483243143782 1.086 -0.51 36.686 78 66
120.407 132.08915573528 50.828 69.579 88.463 26.5300190188278 2.67700000000001 -1.96 128.392 102 79.2078 38.327 77.2078 145.275 54.60761431881 80.396 64.879 44.6594389950095 118.625 18.34451901566 1.039 -0.519 37.454 81 60
133.632 148.41032478008 57.867 75.765 99.56 25.4968869731801 2.39999999999999 -2.177 122.294 120 107.37 65.3765 105.37 156.289 53.938099481 86.865 69.424 44.4202726999341 121.951 21.9708360793146 0.560000000000002 -0.598 31.892 118 57
129.118 146.50509064061 54.232 74.886 95.47 26.0598832076085 2.77 -2.053 129.754 101 78.211 37.5905 76.211 151.006 53.94769395925 83.528 67.478 44.6856416301339 122.534 18.8548799385455 1.039 -0.538 38.16 82 62
121.085 119.0337143626 52.131 68.954 90.911 24.9196845191394 2.569 -1.843 123.142 101 78.3354 35.0131 76.3354 156.787 55.10398675855 89.241 67.546 43.0813779203633 127.112 18.9269518518755 1.012 -0.550999999999998 38.364 83 60
131.125 156.36177714121 55.386 75.739 97.207 25.8669208770257 2.93900000000001 -2.021 132.478 100 75.903 37.5315 73.903 144.195 52.24133957634 79.023 65.172 45.1971288879642 118.53 17.7988141058983 0.949999999999999 -0.559 35.606 83 62
123.949 140.88950322653 50.735 73.214 90.577 26.9239767969084 2.43400000000001 -2.212 121.949 117 108.455 66.5788 106.455 149.869 54.6243358244 81.82 68.049 45.405654271397 107.551 28.2366600164143 0.562000000000001 -0.604 31.81 128 56
128.103 132.57641077739 56.518 71.585 97.389 23.976019296972 2.61799999999999 -1.808 123.862 102 79.6633 35.676 77.6633 150.066 51.11571997988 85.135 64.931 43.2682952834086 124.097 17.3050524435915 1.009 -0.519 37.342 82 58
152.706 113.5588414926 73.681 79.025 117.721 22.9100362788626 2.182 -1.802 120.885 111 78.1723 33.4034 76.1723 142.633 51.62902753226 84.444 58.189 40.7963094094634 118.436 16.9645173276871 0.942 -0.506 35.341 82 58
119.774 133.45110561186 52.232 67.542 92.367 22.8822615926662 2.768 -1.968 124.377 99 78.8732 36.379 76.8732 140.118 54.88049029318 74.445 65.673 46.8697811844303 111.423 20.4791675587719 1.089 -0.560000000000002 38.991 80 59
133.166 143.7185170953 54.771 78.395 96.472 27.5550816274424 2.80499999999999 -2.016 134.227 101 74.807 35.9627 72.807 165.822 59.47289365122 93.191 72.631 43.8005813462629 135.6 18.2255671744401 0.946999999999999 -0.555000000000001 37.065 86 65
156.305 190.47365249012 64.632 91.673 114.597 26.6837273279806 2.809 -2.083 137.851 105 84.2271 41.2219 82.2271 210.006 66.38328130162 121.138 88.868 42.3168861842043 171.452 18.3585230898165 0.946000000000002 -0.574 39.093 91 57
147.976 165.90221486137 63.534 84.442 109.5 26.0015137589879 2.27200000000001 -2.111 124.544 126 82.3754 37.9934 80.3754 185.145 58.8025892954 105.733 79.412 42.8917875178914 142.062 23.2698695616949 0.484000000000002 -0.632 32.638 134 53
103.657 108.63894996479 43.908 59.749 76.121 26.5645349566358 2.80500000000001 -1.991 125.184 97 69.819 34.4554 67.819 120.759 53.07712816403 64.521 56.238 46.5704419546369 97.878 18.9476560753236 1.087 -0.519 36.799 78 62
149.297 135.22998423338 66.437 82.86 109.188 26.8652417664119 2.58799999999999 -2.01 132.732 107 74.7124 35.5759 72.7124 173.593 57.9765524287 100.935 72.658 41.8553743526525 143.319 17.4396433035894 0.946999999999999 -0.555 37.238 86 58
104.283 131.54290223288 41.587 62.696 78.156 25.0539397600759 3.021 -1.971 126.099 95 80.0619 36.066 78.0619 128.568 55.23844597965 67.91 60.658 47.1797025698463 104.067 19.0568415157738 1.071 -0.518 37.175 79 64
122.264 129.09818021622 51.356 70.908 89.582 26.7306811489891 2.706 -1.964 128.071 101 76.5768 36.7564 74.5768 146.489 56.14211388204 81.082 65.407 44.6497689246292 118.505 19.1031408501662 1.035 -0.521000000000001 37.642 82 60
131.258 139.8833983067 56.46 74.798 96.908 26.1698334577702 2.331 -2.18 120.734 122 112.707 70.1169 110.707 153.879 55.8601989813 85.098 68.781 44.6981069541653 114.525 25.5746398143996 0.503999999999998 -0.611 30.608 130 58
122.267 129.09818021622 52.06 70.207 89.966 26.4184121635437 2.699 -1.983 129.21 102 76.6028 36.7518 74.6028 146.485 56.14211388204 80.913 65.572 44.7636276751886 118.391 19.1787555039765 1.037 -0.521000000000001 37.799 82 60
123.937 126.1513461738 53.633 70.304 92.623 25.2660625963191 2.768 -1.955 128.541 100 75.4128 34.7859 73.4128 149.828 55.73024286508 83.295 66.533 44.40625250287 122.708 18.1007555330112 0.994000000000003 -0.534 37.329 83 60
122.958 113.0169025323 52.91 70.048 91.141 25.8763154898421 2.16 -2.064 118.472 123 116.214 72.0229 113.596 154.268 45.79818642526 86.74 67.528 43.7731739570099 114.041 26.0760494723468 0.521000000000001 -0.596 30.712 129 58
129.723 145.86804713905 54.846 74.877 96.26 25.7957339870339 2.907 -2.043 132.572 100 76.6582 36.6782 74.6582 145.831 54.80376177302 80.209 65.622 44.9986628357482 119.28 18.2066913070609 0.986000000000001 -0.553 36.623 83 60
124.912 135.40804790858 51.828 73.084 92.261 26.1392019982067 2.82900000000001 -2.056 130.075 99 75.0792 35.7867 73.0792 149.681 56.84502527674 81.803 67.878 45.3484410178981 120.831 19.2743233944188 0.997 -0.538 37.354 83 62
127.71 130.42849516722 55.998 71.712 96.185 24.6848328243677 2.66800000000001 -1.889 126.166 102 79.5084 35.512 77.5084 149.93 53.95597298787 83.887 66.043 44.0492229707197 122.389 18.3692389781898 1 -0.519 37.036 82 62
109.992 151.42048985955 43.575 66.417 80.619 26.704669430504 3.07000000000001 -2.083 130.737 96 76.0311 38.3295 74.0311 152.85 52.73750841457 81.666 71.184 46.5711481844946 123.084 19.4739941118744 1.028 -0.535 38.338 83 63
143.867 117.36315143648 66.548 77.319 109.526 23.8699632299276 2.38800000000001 -1.895 125.368 107 77.2147 33.7416 75.2147 145.315 54.70950428242 84.064 61.251 42.1505006365482 120.158 17.3120462443657 0.978999999999999 -0.522 36.542 82 58
142.747 161.93856814098 60.688 82.059 104.792 26.5890001190918 2.791 -2.034 134.639 104 80.9083 38.0491 78.9083 178.975 56.93177328368 101.425 77.55 43.3300740326861 145.985 18.432742003073 0.977 -0.558000000000001 38.777 87 57
108.508 114.30196765644 46.07 62.438 82.125 24.3143362701368 2.83 -1.985 124.758 96 71.842 33.5558 69.842 122.823 49.50739450218 65.859 56.964 46.3789355413888 99.853 18.7017089633049 1.074 -0.506 36.813 78 61
