37.32 11.25 100.49 130.26 -0.39 28.73 121.74 23.03
38.38 15.11 70.05 111.27 -0.31 26.17 95.39 31.80
37.19 10.78 39.82 99.47 -0.20 24.67 68.49 33.66
38.15 14.21 55.70 111.68 -0.32 25.77 88.38 32.44
36.88 9.79 111.63 136.87 -0.45 30.02 127.40 18.61
38.32 14.86 74.99 122.68 -0.42 27.26 107.38 28.86
39.70 21.12 84.45 134.64 -0.55 29.12 68.52 26.65
36.82 9.59 73.33 110.61 -0.24 26.21 94.91 28.81
36.52 8.65 75.88 117.23 -0.31 26.73 101.52 26.81
38.14 14.19 89.92 124.52 -0.40 27.81 113.63 27.09
37.48 11.78 50.07 91.64 -0.17 24.74 70.91 33.99
38.05 13.83 68.81 111.14 -0.30 26.14 94.87 31.31
38.06 13.88 104.66 135.60 -0.51 29.68 126.68 22.02
36.74 9.37 92.01 129.17 -0.43 28.40 117.87 22.71
36.32 8.07 48.03 83.69 -0.03 24.44 62.43 32.71
36.96 10.03 97.66 125.12 -0.28 28.01 117.12 24.21
37.07 10.40 82.80 116.62 -0.27 26.86 87.93 27.55
39.48 19.97 93.71 139.24 -0.59 30.27 124.02 23.32
37.14 10.64 74.37 121.89 -0.36 27.11 41.89 27.02
37.88 13.19 75.11 123.40 -0.40 27.31 107.92 27.89
39.75 31.64 118.06 149.84 -0.65 33.65 140.37 15.34
37.02 10.25 91.19 126.25 -0.39 28.00 114.73 24.37
38.44 15.34 80.66 124.98 -0.44 27.63 110.95 28.12
38.58 15.91 82.95 127.26 -0.47 27.96 113.89 27.51
36.55 8.75 86.32 120.37 -0.29 27.26 108.92 25.41
36.51 8.64 79.33 113.85 -0.22 26.57 101.60 27.23
38.84 17.04 47.45 110.36 -0.30 25.46 82.52 34.46
38.80 16.88 115.42 146.15 -0.60 32.43 136.37 16.44
36.95 10.01 63.36 106.97 -0.25 25.75 88.94 30.32
38.19 14.36 59.15 107.15 -0.27 25.64 86.75 32.86
36.88 9.79 58.03 98.82 -0.16 25.18 80.28 31.71
37.27 11.05 55.91 95.54 -0.15 25.02 72.43 32.85
38.01 13.68 82.53 124.22 -0.42 27.59 71.40 27.40
36.62 8.99 76.21 108.36 -0.17 26.12 95.64 28.67
37.77 12.81 59.31 98.24 -0.20 25.21 79.46 33.26
37.33 11.25 103.73 138.99 -0.53 30.37 127.34 18.64
36.75 9.39 52.61 104.80 -0.22 25.30 75.72 31.17
37.27 11.08 93.69 121.77 -0.23 27.58 112.91 26.01
38.04 13.81 79.19 120.57 -0.37 27.14 107.25 28.65
39.23 18.78 89.15 133.26 -0.52 28.98 120.22 26.12
37.23 10.95 78.14 111.45 -0.21 26.39 91.30 29.13
38.23 14.54 105.29 138.80 -0.57 30.35 126.56 20.63
38.66 16.24 62.64 111.83 -0.33 26.05 93.19 32.60
37.22 10.88 91.82 126.60 -0.40 28.07 114.78 24.57
37.30 11.16 112.98 138.80 -0.50 30.45 129.55 18.37
38.29 14.76 69.72 112.05 -0.29 26.23 95.23 31.49
37.06 10.37 84.49 124.35 -0.40 27.65 109.96 25.40
36.82 9.60 64.68 98.54 -0.14 25.35 84.14 31.16
36.88 9.95 70.05 103.87 -0.18 25.72 90.30 30.26
38.53 15.72 121.79 147.93 -0.59 33.05 138.48 14.22
37.89 13.23 83.82 126.30 -0.42 27.84 110.99 26.53
37.23 10.92 103.40 136.05 -0.51 29.76 125.46 20.05
38.15 14.22 70.92 122.83 -0.38 27.12 105.40 28.91
37.65 12.36 91.56 123.78 -0.36 27.73 110.73 26.33
37.34 11.28 85.38 125.04 -0.40 27.74 95.59 25.69
38.59 15.95 86.44 130.84 -0.51 28.53 74.16 26.07
38.17 14.30 84.85 119.20 -0.31 27.17 84.59 28.82
37.26 11.02 46.15 101.24 -0.22 24.97 73.58 32.98
36.73 9.31 103.42 133.37 -0.45 29.24 119.88 20.38
37.95 13.45 78.83 122.54 -0.38 27.33 107.49 27.99
